[Walking Config]
i_gain=11
d_gain=0
x_offset=7.000000
y_offset=33.000000
z_offset=53.000000
roll_offset=4.300000
pitch_offset=-1.000000
yaw_offset=-3.000000
hip_pitch_offset=15.000000
period_time=561.000000
dsp_ratio=0.160000
step_forward_back_ratio=0.400000
foot_height=55.000000
swing_right_left=23.000000
swing_top_down=0.000000
pelvis_offset=1.500000
arm_swing_gain=4.300000
balance_knee_gain=0.340000
balance_ankle_pitch_gain=0.540000
balance_hip_roll_gain=0.200000
balance_ankle_roll_gain=1.000000
x_move_scale=2.400000
y_move_scale=1.100000
a_move_scale=1.400000
p_gain=35

[Compass]
delX=-10230
delY=-19758
sigma=0.821924
angle=1.005347

[Camera]
Brightness=128
Contrast=32
Saturation=28
Gain=255
Exposure=375

[Orange]
hue=0
hue_tolerance=179
min_saturation=0
min_value=44
min_percent=0.0700000
max_percent=500.000000

[Green]
hue=120
hue_tolerance=55
min_saturation=35
min_value=11
min_percent=0.070000
max_percent=5.000000

[Yellow]
hue=356
hue_tolerance=15
min_saturation=0
min_value=0
min_percent=0.070000
max_percent=8.000000

[Socket]
Port=3838

[Robot Data]
RobotNumber=1
TeamNumber=4

[Team Communication]
RobotNumber=1   # 1=PLAYMAKER #2=DEFENDER #3=GOAL_KEEPER
Port=2328
DataHeader="DaGo"

[Offset]
ID_01=0
ID_02=0
ID_03=0
ID_04=0
ID_05=0
ID_06=0
ID_07=0
ID_08=0
ID_09=0
ID_10=0
ID_11=0
ID_12=0
ID_13=0
ID_14=0
ID_15=25
ID_16=0
ID_17=0
ID_18=0
ID_19=0
ID_20=0
